Table de 2:

1 2 = 2

2 2 = 4

3 2 = 6

4 2 = 8

5 2 = 10

6 2 = 12

7 2 = 14

8 2 = 16

9 2 = 18

10 2 = 20

11 2 = 22

12 2 = 24

13 2 = 26

14 2 = 28

15 2 = 30

16 2 = 32

17 2 = 34

18 2 = 36

19 2 = 38

20 2 = 40

Table de 3:

1 3 = 3

2 3 = 6

3 3 = 9

4 3 = 12

5 3 = 15

6 3 = 18

7 3 = 21

8 3 = 24

9 3 = 27

10 3 = 30

11 3 = 33

12 3 = 36

13 3 = 39

14 3 = 42

15 3 = 45

16 3 = 48

17 3 = 51

18 3 = 54

19 3 = 57

20 3 = 60

Table de 4:

1 4 = 4

2 4 = 8

3 4 = 12

4 4 = 16

5 4 = 20

6 4 = 24

7 4 = 28

8 4 = 32

9 4 = 36

10 4 = 40

11 4 = 44

12 4 = 48

13 4 = 52

14 4 = 56

15 4 = 60

16 4 = 64

17 4 = 68

18 4 = 72

19 4 = 76

20 4 = 80

Table de 5:

1 5 = 5

2 5 = 10

3 5 = 15

4 5 = 20

5 5 = 25

6 5 = 30

7 5 = 35

8 5 = 40

9 5 = 45

10 5 = 50

11 5 = 55

12 5 = 60

13 5 = 65

14 5 = 70

15 5 = 75

16 5 = 80

17 5 = 85

18 5 = 90

19 5 = 95

20 5 = 100

Table de 6:

1 6 = 6

2 6 = 12

3 6 = 18

4 6 = 24

5 6 = 30

6 6 = 36

7 6 = 42

8 6 = 48

9 6 = 54

10 6 = 60

11 6 = 66

12 6 = 72

13 6 = 78

14 6 = 84

15 6 = 90

16 6 = 96

17 6 = 102

18 6 = 108

19 6 = 114

20 6 = 120

Table de 7:

1 7 = 7

2 7 = 14

3 7 = 21

4 7 = 28

5 7 = 35

6 7 = 42

7 7 = 49

8 7 = 56

9 7 = 63

10 7 = 70

11 7 = 77

12 7 = 84

13 7 = 91

14 7 = 98

15 7 = 105

16 7 = 112

17 7 = 119

18 7 = 126

19 7 = 133

20 7 = 140

Table de 8:

1 8 = 8

2 8 = 16

3 8 = 24

4 8 = 32

5 8 = 40

6 8 = 48

7 8 = 56

8 8 = 64

9 8 = 72

10 8 = 80

11 8 = 88

12 8 = 96

13 8 = 104

14 8 = 112

15 8 = 120

16 8 = 128

17 8 = 136

18 8 = 144

19 8 = 152

20 8 = 160

Table de 9:

1 9 = 9

2 9 = 18

3 9 = 27

4 9 = 36

5 9 = 45

6 9 = 54

7 9 = 63

8 9 = 72

9 9 = 81

10 9 = 90

11 9 = 99

12 9 = 108

13 9 = 117

14 9 = 126

15 9 = 135

16 9 = 144

17 9 = 153

18 9 = 162

19 9 = 171

20 9 = 180

Table de 10:

1 10 = 10

2 10 = 20

3 10 = 30

4 10 = 40

5 10 = 50

6 10 = 60

7 10 = 70

8 10 = 80

9 10 = 90

10 10 = 100

11 10 = 110

12 10 = 120

13 10 = 130

14 10 = 140

15 10 = 150

16 10 = 160

17 10 = 170

18 10 = 180

19 10 = 190

20 10 = 200

Table de 11:

1 11 = 11

2 11 = 22

3 11 = 33

4 11 = 44

5 11 = 55

6 11 = 66

7 11 = 77

8 11 = 88

9 11 = 99

10 11 = 110

11 11 = 121

12 11 = 132

13 11 = 143

14 11 = 154

15 11 = 165

16 11 = 176

17 11 = 187

18 11 = 198

19 11 = 209

20 11 = 220

Table de 12:

1 12 = 12

2 12 = 24

3 12 = 36

4 12 = 48

5 12 = 60

6 12 = 72

7 12 = 84

8 12 = 96

9 12 = 108

10 12 = 120

11 12 = 132

12 12 = 144

13 12 = 156

14 12 = 168

15 12 = 180

16 12 = 192

17 12 = 204

18 12 = 216

19 12 = 228

20 12 = 240

Table de 13:

1 13 = 13

2 13 = 26

3 13 = 39

4 13 = 52

5 13 = 65

6 13 = 78

7 13 = 91

8 13 = 104

9 13 = 117

10 13 = 130

11 13 = 143

12 13 = 156

13 13 = 169

14 13 = 182

15 13 = 195

16 13 = 208

17 13 = 221

18 13 = 234

19 13 = 247

20 13 = 260

Table de 14:

1 14 = 14

2 14 = 28

3 14 = 42

4 14 = 56

5 14 = 70

6 14 = 84

7 14 = 98

8 14 = 112

9 14 = 126

10 14 = 140

11 14 = 154

12 14 = 168

13 14 = 182

14 14 = 196

15 14 = 210

16 14 = 224

17 14 = 238

18 14 = 252

19 14 = 266

20 14 = 280

Table de 15:

1 15 = 15

2 15 = 30

3 15 = 45

4 15 = 60

5 15 = 75

6 15 = 90

7 15 = 105

8 15 = 120

9 15 = 135

10 15 = 150

11 15 = 165

12 15 = 180

13 15 = 195

14 15 = 210

15 15 = 225

16 15 = 240

17 15 = 255

18 15 = 270

19 15 = 285

20 15 = 300

Table de 16:

1 16 = 16

2 16 = 32

3 16 = 48

4 16 = 64

5 16 = 80

6 16 = 96

7 16 = 112

8 16 = 128

9 16 = 144

10 16 = 160

11 16 = 176

12 16 = 192

13 16 = 208

14 16 = 224

15 16 = 240

16 16 = 256

17 16 = 272

18 16 = 288

19 16 = 304

20 16 = 320

Table de 17:

1 17 = 17

2 17 = 34

3 17 = 51

4 17 = 68

5 17 = 85

6 17 = 102

7 17 = 119

8 17 = 136

9 17 = 153

10 17 = 170

11 17 = 187

12 17 = 204

13 17 = 221

14 17 = 238

15 17 = 255

16 17 = 272

17 17 = 289

18 17 = 306

19 17 = 323

20 17 = 340

Table de 18:

1 18 = 18

2 18 = 36

3 18 = 54

4 18 = 72

5 18 = 90

6 18 = 108

7 18 = 126

8 18 = 144

9 18 = 162

10 18 = 180

11 18 = 198

12 18 = 216

13 18 = 234

14 18 = 252

15 18 = 270

16 18 = 288

17 18 = 306

18 18 = 324

19 18 = 342

20 18 = 360

Table de 19:

1 19 = 19

2 19 = 38

3 19 = 57

4 19 = 76

5 19 = 95

6 19 = 114

7 19 = 133

8 19 = 152

9 19 = 171

10 19 = 190

11 19 = 209

12 19 = 228

13 19 = 247

14 19 = 266

15 19 = 285

16 19 = 304

17 19 = 323

18 19 = 342

19 19 = 361

20 19 = 380

Table de 20:

1 20 = 20

2 20 = 40

3 20 = 60

4 20 = 80

5 20 = 100

6 20 = 120

7 20 = 140

8 20 = 160

9 20 = 180

10 20 = 200

11 20 = 220

12 20 = 240

13 20 = 260

14 20 = 280

15 20 = 300

16 20 = 320

17 20 = 340

18 20 = 360

19 20 = 380

20 20 = 400

Table de 21:

1 21 = 21

2 21 = 42

3 21 = 63

4 21 = 84

5 21 = 105

6 21 = 126

7 21 = 147

8 21 = 168

9 21 = 189

10 21 = 210

11 21 = 231

12 21 = 252

13 21 = 273

14 21 = 294

15 21 = 315

16 21 = 336

17 21 = 357

18 21 = 378

19 21 = 399

20 21 = 420

Table de 22:

1 22 = 22

2 22 = 44

3 22 = 66

4 22 = 88

5 22 = 110

6 22 = 132

7 22 = 154

8 22 = 176

9 22 = 198

10 22 = 220

11 22 = 242

12 22 = 264

13 22 = 286

14 22 = 308

15 22 = 330

16 22 = 352

17 22 = 374

18 22 = 396

19 22 = 418

20 22 = 440

Table de 23:

1 23 = 23

2 23 = 46

3 23 = 69

4 23 = 92

5 23 = 115

6 23 = 138

7 23 = 161

8 23 = 184

9 23 = 207

10 23 = 230

11 23 = 253

12 23 = 276

13 23 = 299

14 23 = 322

15 23 = 345

16 23 = 368

17 23 = 391

18 23 = 414

19 23 = 437

20 23 = 460

Table de 24:

1 24 = 24

2 24 = 48

3 24 = 72

4 24 = 96

5 24 = 120

6 24 = 144

7 24 = 168

8 24 = 192

9 24 = 216

10 24 = 240

11 24 = 264

12 24 = 288

13 24 = 312

14 24 = 336

15 24 = 360

16 24 = 384

17 24 = 408

18 24 = 432

19 24 = 456

20 24 = 480

Table de 25:

1 25 = 25

2 25 = 50

3 25 = 75

4 25 = 100

5 25 = 125

6 25 = 150

7 25 = 175

8 25 = 200

9 25 = 225

10 25 = 250

11 25 = 275

12 25 = 300

13 25 = 325

14 25 = 350

15 25 = 375

16 25 = 400

17 25 = 425

18 25 = 450

19 25 = 475

20 25 = 500

Table de 26:

1 26 = 26

2 26 = 52

3 26 = 78

4 26 = 104

5 26 = 130

6 26 = 156

7 26 = 182

8 26 = 208

9 26 = 234

10 26 = 260

11 26 = 286

12 26 = 312

13 26 = 338

14 26 = 364

15 26 = 390

16 26 = 416

17 26 = 442

18 26 = 468

19 26 = 494

20 26 = 520

Table de 27:

1 27 = 27

2 27 = 54

3 27 = 81

4 27 = 108

5 27 = 135

6 27 = 162

7 27 = 189

8 27 = 216

9 27 = 243

10 27 = 270

11 27 = 297

12 27 = 324

13 27 = 351

14 27 = 378

15 27 = 405

16 27 = 432

17 27 = 459

18 27 = 486

19 27 = 513

20 27 = 540

Table de 28:

1 28 = 28

2 28 = 56

3 28 = 84

4 28 = 112

5 28 = 140

6 28 = 168

7 28 = 196

8 28 = 224

9 28 = 252

10 28 = 280

11 28 = 308

12 28 = 336

13 28 = 364

14 28 = 392

15 28 = 420

16 28 = 448

17 28 = 476

18 28 = 504

19 28 = 532

20 28 = 560

Table de 29:

1 29 = 29

2 29 = 58

3 29 = 87

4 29 = 116

5 29 = 145

6 29 = 174

7 29 = 203

8 29 = 232

9 29 = 261

10 29 = 290

11 29 = 319

12 29 = 348

13 29 = 377

14 29 = 406

15 29 = 435

16 29 = 464

17 29 = 493

18 29 = 522

19 29 = 551

20 29 = 580

Table de 30:

1 30 = 30

2 30 = 60

3 30 = 90

4 30 = 120

5 30 = 150

6 30 = 180

7 30 = 210

8 30 = 240

9 30 = 270

10 30 = 300

11 30 = 330

12 30 = 360

13 30 = 390

14 30 = 420

15 30 = 450

16 30 = 480

17 30 = 510

18 30 = 540

19 30 = 570

20 30 = 600

